
u=5
Tolko 4:
time:1
iteration:1
error:0
____________________________________________________________
|__________(r,z)|____________Q|________RealF|_______Q-RealF|
|(1,0000;1,0000)|  5,000000000|  5,000000000|   0,000000000|
|(1,5000;1,0000)|  5,000000000|  5,000000000|   0,000000000|
|(2,0000;1,0000)|  5,000000000|  5,000000000|   0,000000000|
|(1,0000;1,5000)|  5,000000000|  5,000000000|   0,000000000|
|(1,5000;1,5000)|  5,000000000|  5,000000000|   0,000000000|
|(2,0000;1,5000)|  5,000000000|  5,000000000|   0,000000000|
|(1,0000;2,0000)|  5,000000000|  5,000000000|   0,000000000|
|(1,5000;2,0000)|  5,000000000|  5,000000000|   0,000000000|
|(2,0000;2,0000)|  5,000000000|  5,000000000|   0,000000000|

residual=1,4024193870595765E-32

u=5+t
Tolko 4:
time:1
iteration:2
error:-5,684341886080802E-14
____________________________________________________________
|__________(r,z)|____________Q|________RealF|_______Q-RealF|
|(1,0000;1,0000)|  6,000000000|  6,000000000|   0,000000000|
|(1,5000;1,0000)|  6,000000000|  6,000000000|   0,000000000|
|(2,0000;1,0000)|  6,000000000|  6,000000000|   0,000000000|
|(1,0000;1,5000)|  6,000000000|  6,000000000|   0,000000000|
|(1,5000;1,5000)|  6,000000000|  6,000000000|   0,000000000|
|(2,0000;1,5000)|  6,000000000|  6,000000000|   0,000000000|
|(1,0000;2,0000)|  6,000000000|  6,000000000|   0,000000000|
|(1,5000;2,0000)|  6,000000000|  6,000000000|   0,000000000|
|(2,0000;2,0000)|  6,000000000|  6,000000000|   0,000000000|

residual=2,1912802922805882E-32

u=5+t^2
Tolko 4:
time:1
iteration:1
error:0
____________________________________________________________
|__________(r,z)|____________Q|________RealF|_______Q-RealF|
|(1,0000;1,0000)|  6,000000000|  6,000000000|   0,000000000|
|(1,5000;1,0000)|  6,000000000|  6,000000000|   0,000000000|
|(2,0000;1,0000)|  6,000000000|  6,000000000|   0,000000000|
|(1,0000;1,5000)|  6,000000000|  6,000000000|   0,000000000|
|(1,5000;1,5000)|  6,000000000|  6,000000000|   0,000000000|
|(2,0000;1,5000)|  6,000000000|  6,000000000|   0,000000000|
|(1,0000;2,0000)|  6,000000000|  6,000000000|   0,000000000|
|(1,5000;2,0000)|  6,000000000|  6,000000000|   0,000000000|
|(2,0000;2,0000)|  6,000000000|  6,000000000|   0,000000000|

residual=9,739023521247059E-33

u=5+t^3
Tolko 4:
time:1
iteration:1
error:0
____________________________________________________________
|__________(r,z)|____________Q|________RealF|_______Q-RealF|
|(1,0000;1,0000)|  6,000000000|  6,000000000|   0,000000000|
|(1,5000;1,0000)|  6,000000000|  6,000000000|   0,000000000|
|(2,0000;1,0000)|  6,000000000|  6,000000000|   0,000000000|
|(1,0000;1,5000)|  6,000000000|  6,000000000|   0,000000000|
|(1,5000;1,5000)|  6,000000000|  6,000000000|   0,000000000|
|(2,0000;1,5000)|  6,000000000|  6,000000000|   0,000000000|
|(1,0000;2,0000)|  6,000000000|  6,000000000|   0,000000000|
|(1,5000;2,0000)|  6,000000000|  6,000000000|   0,000000000|
|(2,0000;2,0000)|  6,000000000|  6,000000000|   0,000000000|

residual=2,1912802922805882E-32

u=5+t^4
Tolko 4:
time:1
iteration:1
error:0
____________________________________________________________
|__________(r,z)|____________Q|________RealF|_______Q-RealF|
|(1,0000;1,0000)|  6,000000000|  6,000000000|   0,000000000|
|(1,5000;1,0000)|  6,000000000|  6,000000000|   0,000000000|
|(2,0000;1,0000)|  6,000000000|  6,000000000|   0,000000000|
|(1,0000;1,5000)|  6,000000000|  6,000000000|   0,000000000|
|(1,5000;1,5000)|  6,013290803|  6,000000000|   0,013290803|
|(2,0000;1,5000)|  6,000000000|  6,000000000|   0,000000000|
|(1,0000;2,0000)|  6,000000000|  6,000000000|   0,000000000|
|(1,5000;2,0000)|  6,000000000|  6,000000000|   0,000000000|
|(2,0000;2,0000)|  6,000000000|  6,000000000|   0,000000000|

residual=5,452019695202218E-07

u=5+t^5
Tolko 4:
time:1
iteration:1
error:0
____________________________________________________________
|__________(r,z)|____________Q|________RealF|_______Q-RealF|
|(1,0000;1,0000)|  6,000000000|  6,000000000|   0,000000000|
|(1,5000;1,0000)|  6,000000000|  6,000000000|   0,000000000|
|(2,0000;1,0000)|  6,000000000|  6,000000000|   0,000000000|
|(1,0000;1,5000)|  6,000000000|  6,000000000|   0,000000000|
|(1,5000;1,5000)|  6,039872408|  6,000000000|   0,039872408|
|(2,0000;1,5000)|  6,000000000|  6,000000000|   0,000000000|
|(1,0000;2,0000)|  6,000000000|  6,000000000|   0,000000000|
|(1,5000;2,0000)|  6,000000000|  6,000000000|   0,000000000|
|(2,0000;2,0000)|  6,000000000|  6,000000000|   0,000000000|

residual=4,906817725681122E-06

u=5+sin(t)
Tolko 4:
time:1
iteration:2
error:-5,684341886080803E-14
____________________________________________________________
|__________(r,z)|____________Q|________RealF|_______Q-RealF|
|(1,0000;1,0000)|  5,841470985|  5,841470985|   0,000000000|
|(1,5000;1,0000)|  5,841470985|  5,841470985|   0,000000000|
|(2,0000;1,0000)|  5,841470985|  5,841470985|   0,000000000|
|(1,0000;1,5000)|  5,841470985|  5,841470985|   0,000000000|
|(1,5000;1,5000)|  5,841779835|  5,841470985|   0,000308851|
|(2,0000;1,5000)|  5,841470985|  5,841470985|   0,000000000|
|(1,0000;2,0000)|  5,841470985|  5,841470985|   0,000000000|
|(1,5000;2,0000)|  5,841470985|  5,841470985|   0,000000000|
|(2,0000;2,0000)|  5,841470985|  5,841470985|   0,000000000|

residual=3,1060600447358584E-10

u=5+e^t
Tolko 4:
time:1
iteration:2
error:1,1368683772161602E-13
____________________________________________________________
|__________(r,z)|____________Q|________RealF|_______Q-RealF|
|(1,0000;1,0000)|  7,718281828|  7,718281828|  -0,000000000|
|(1,5000;1,0000)|  7,718281828|  7,718281828|  -0,000000000|
|(2,0000;1,0000)|  7,718281828|  7,718281828|  -0,000000000|
|(1,0000;1,5000)|  7,718281828|  7,718281828|  -0,000000000|
|(1,5000;1,5000)|  7,719303493|  7,718281828|   0,001021664|
|(2,0000;1,5000)|  7,718281828|  7,718281828|  -0,000000000|
|(1,0000;2,0000)|  7,718281828|  7,718281828|  -0,000000000|
|(1,5000;2,0000)|  7,718281828|  7,718281828|  -0,000000000|
|(2,0000;2,0000)|  7,718281828|  7,718281828|  -0,000000000|

residual=1,946851091964511E-09

u=r+z
Tolko 4:
time:1
iteration:1
error:0
____________________________________________________________
|__________(r,z)|____________Q|________RealF|_______Q-RealF|
|(1,0000;1,0000)|  2,000000000|  2,000000000|   0,000000000|
|(1,5000;1,0000)|  2,500000000|  2,500000000|   0,000000000|
|(2,0000;1,0000)|  3,000000000|  3,000000000|   0,000000000|
|(1,0000;1,5000)|  2,500000000|  2,500000000|   0,000000000|
|(1,5000;1,5000)|  3,000000000|  3,000000000|   0,000000000|
|(2,0000;1,5000)|  3,500000000|  3,500000000|  -0,000000000|
|(1,0000;2,0000)|  3,000000000|  3,000000000|   0,000000000|
|(1,5000;2,0000)|  3,500000000|  3,500000000|  -0,000000000|
|(2,0000;2,0000)|  4,000000000|  4,000000000|  -0,000000000|

residual=9,391201252631092E-33

u=r+z+t
Tolko 4:
time:1
iteration:1
error:0
____________________________________________________________
|__________(r,z)|____________Q|________RealF|_______Q-RealF|
|(1,0000;1,0000)|  3,000000000|  3,000000000|   0,000000000|
|(1,5000;1,0000)|  3,500000000|  3,500000000|  -0,000000000|
|(2,0000;1,0000)|  4,000000000|  4,000000000|  -0,000000000|
|(1,0000;1,5000)|  3,500000000|  3,500000000|  -0,000000000|
|(1,5000;1,5000)|  4,000000000|  4,000000000|   0,000000000|
|(2,0000;1,5000)|  4,500000000|  4,500000000|   0,000000000|
|(1,0000;2,0000)|  4,000000000|  4,000000000|  -0,000000000|
|(1,5000;2,0000)|  4,500000000|  4,500000000|   0,000000000|
|(2,0000;2,0000)|  5,000000000|  5,000000000|   0,000000000|

residual=2,683200357894598E-32

u=r+z+t^2
Tolko 4:
time:1
iteration:1
error:0
____________________________________________________________
|__________(r,z)|____________Q|________RealF|_______Q-RealF|
|(1,0000;1,0000)|  3,000000000|  3,000000000|   0,000000000|
|(1,5000;1,0000)|  3,500000000|  3,500000000|  -0,000000000|
|(2,0000;1,0000)|  4,000000000|  4,000000000|  -0,000000000|
|(1,0000;1,5000)|  3,500000000|  3,500000000|  -0,000000000|
|(1,5000;1,5000)|  4,000000000|  4,000000000|   0,000000000|
|(2,0000;1,5000)|  4,500000000|  4,500000000|   0,000000000|
|(1,0000;2,0000)|  4,000000000|  4,000000000|  -0,000000000|
|(1,5000;2,0000)|  4,500000000|  4,500000000|   0,000000000|
|(2,0000;2,0000)|  5,000000000|  5,000000000|   0,000000000|

residual=2,683200357894598E-32

u=r+z+t^3
Tolko 4:
time:1
iteration:1
error:0
____________________________________________________________
|__________(r,z)|____________Q|________RealF|_______Q-RealF|
|(1,0000;1,0000)|  3,000000000|  3,000000000|  -0,000000000|
|(1,5000;1,0000)|  3,500000000|  3,500000000|  -0,000000000|
|(2,0000;1,0000)|  4,000000000|  4,000000000|  -0,000000000|
|(1,0000;1,5000)|  3,500000000|  3,500000000|  -0,000000000|
|(1,5000;1,5000)|  4,000000000|  4,000000000|   0,000000000|
|(2,0000;1,5000)|  4,500000000|  4,500000000|  -0,000000000|
|(1,0000;2,0000)|  4,000000000|  4,000000000|  -0,000000000|
|(1,5000;2,0000)|  4,500000000|  4,500000000|  -0,000000000|
|(2,0000;2,0000)|  5,000000000|  5,000000000|  -0,000000000|

residual=3,085680411578788E-32

u=r+z+t^4
Tolko 4:
time:1
iteration:2
error:-2,8421709430404014E-14
____________________________________________________________
|__________(r,z)|____________Q|________RealF|_______Q-RealF|
|(1,0000;1,0000)|  3,000000000|  3,000000000|   0,000000000|
|(1,5000;1,0000)|  3,500000000|  3,500000000|   0,000000000|
|(2,0000;1,0000)|  4,000000000|  4,000000000|   0,000000000|
|(1,0000;1,5000)|  3,500000000|  3,500000000|   0,000000000|
|(1,5000;1,5000)|  4,013290803|  4,000000000|   0,013290803|
|(2,0000;1,5000)|  4,500000000|  4,500000000|   0,000000000|
|(1,0000;2,0000)|  4,000000000|  4,000000000|   0,000000000|
|(1,5000;2,0000)|  4,500000000|  4,500000000|   0,000000000|
|(2,0000;2,0000)|  5,000000000|  5,000000000|   0,000000000|

residual=1,2016696471056345E-06

u=r+z+t^5
Tolko 4:
time:1
iteration:2
error:1,4210854715202004E-14
____________________________________________________________
|__________(r,z)|____________Q|________RealF|_______Q-RealF|
|(1,0000;1,0000)|  3,000000000|  3,000000000|   0,000000000|
|(1,5000;1,0000)|  3,500000000|  3,500000000|  -0,000000000|
|(2,0000;1,0000)|  4,000000000|  4,000000000|  -0,000000000|
|(1,0000;1,5000)|  3,500000000|  3,500000000|  -0,000000000|
|(1,5000;1,5000)|  4,039872408|  4,000000000|   0,039872408|
|(2,0000;1,5000)|  4,500000000|  4,500000000|   0,000000000|
|(1,0000;2,0000)|  4,000000000|  4,000000000|  -0,000000000|
|(1,5000;2,0000)|  4,500000000|  4,500000000|   0,000000000|
|(2,0000;2,0000)|  5,000000000|  5,000000000|   0,000000000|

residual=1,0815026823949265E-05

u=r+z+sin(t)
Tolko 4:
time:1
iteration:1
error:0
____________________________________________________________
|__________(r,z)|____________Q|________RealF|_______Q-RealF|
|(1,0000;1,0000)|  2,841470985|  2,841470985|   0,000000000|
|(1,5000;1,0000)|  3,341470985|  3,341470985|   0,000000000|
|(2,0000;1,0000)|  3,841470985|  3,841470985|   0,000000000|
|(1,0000;1,5000)|  3,341470985|  3,341470985|   0,000000000|
|(1,5000;1,5000)|  3,841779835|  3,841470985|   0,000308851|
|(2,0000;1,5000)|  4,341470985|  4,341470985|   0,000000000|
|(1,0000;2,0000)|  3,841470985|  3,841470985|   0,000000000|
|(1,5000;2,0000)|  4,341470985|  4,341470985|   0,000000000|
|(2,0000;2,0000)|  4,841470985|  4,841470985|   0,000000000|

residual=7,023577177549886E-10

u=r+z+e^t
Tolko 4:
time:1
iteration:1
error:0
____________________________________________________________
|__________(r,z)|____________Q|________RealF|_______Q-RealF|
|(1,0000;1,0000)|  4,718281828|  4,718281828|   0,000000000|
|(1,5000;1,0000)|  5,218281828|  5,218281828|   0,000000000|
|(2,0000;1,0000)|  5,718281828|  5,718281828|   0,000000000|
|(1,0000;1,5000)|  5,218281828|  5,218281828|   0,000000000|
|(1,5000;1,5000)|  5,719303493|  5,718281828|   0,001021664|
|(2,0000;1,5000)|  6,218281828|  6,218281828|   0,000000000|
|(1,0000;2,0000)|  5,718281828|  5,718281828|   0,000000000|
|(1,5000;2,0000)|  6,218281828|  6,218281828|   0,000000000|
|(2,0000;2,0000)|  6,718281828|  6,718281828|   0,000000000|

residual=3,5110585612079764E-09

u=r^2+z^2
Tolko 4:
time:1
iteration:2
error:2,8421709430404E-14
____________________________________________________________
|__________(r,z)|____________Q|________RealF|_______Q-RealF|
|(1,0000;1,0000)|  2,000000000|  2,000000000|   0,000000000|
|(1,5000;1,0000)|  3,250000000|  3,250000000|   0,000000000|
|(2,0000;1,0000)|  5,000000000|  5,000000000|   0,000000000|
|(1,0000;1,5000)|  3,250000000|  3,250000000|   0,000000000|
|(1,5000;1,5000)|  4,500000000|  4,500000000|   0,000000000|
|(2,0000;1,5000)|  6,250000000|  6,250000000|   0,000000000|
|(1,0000;2,0000)|  5,000000000|  5,000000000|   0,000000000|
|(1,5000;2,0000)|  6,250000000|  6,250000000|   0,000000000|
|(2,0000;2,0000)|  8,000000000|  8,000000000|  -0,000000000|

residual=6,643039201861152E-33

u=r^2+z^2+t
Tolko 4:
time:1
iteration:1
error:0
____________________________________________________________
|__________(r,z)|____________Q|________RealF|_______Q-RealF|
|(1,0000;1,0000)|  3,000000000|  3,000000000|   0,000000000|
|(1,5000;1,0000)|  4,250000000|  4,250000000|   0,000000000|
|(2,0000;1,0000)|  6,000000000|  6,000000000|   0,000000000|
|(1,0000;1,5000)|  4,250000000|  4,250000000|   0,000000000|
|(1,5000;1,5000)|  5,500000000|  5,500000000|   0,000000000|
|(2,0000;1,5000)|  7,250000000|  7,250000000|   0,000000000|
|(1,0000;2,0000)|  6,000000000|  6,000000000|   0,000000000|
|(1,5000;2,0000)|  7,250000000|  7,250000000|   0,000000000|
|(2,0000;2,0000)|  9,000000000|  9,000000000|   0,000000000|

residual=2,128860014089687E-32

u=r^2+z^2+t^2
Tolko 4:
time:1
iteration:1
error:0
____________________________________________________________
|__________(r,z)|____________Q|________RealF|_______Q-RealF|
|(1,0000;1,0000)|  3,000000000|  3,000000000|   0,000000000|
|(1,5000;1,0000)|  4,250000000|  4,250000000|   0,000000000|
|(2,0000;1,0000)|  6,000000000|  6,000000000|   0,000000000|
|(1,0000;1,5000)|  4,250000000|  4,250000000|   0,000000000|
|(1,5000;1,5000)|  5,500000000|  5,500000000|   0,000000000|
|(2,0000;1,5000)|  7,250000000|  7,250000000|   0,000000000|
|(1,0000;2,0000)|  6,000000000|  6,000000000|   0,000000000|
|(1,5000;2,0000)|  7,250000000|  7,250000000|   0,000000000|
|(2,0000;2,0000)|  9,000000000|  9,000000000|   0,000000000|

residual=9,461600062620831E-33

u=r^2+z^2+t^3
Tolko 4:
time:1
iteration:1
error:0
____________________________________________________________
|__________(r,z)|____________Q|________RealF|_______Q-RealF|
|(1,0000;1,0000)|  3,000000000|  3,000000000|   0,000000000|
|(1,5000;1,0000)|  4,250000000|  4,250000000|   0,000000000|
|(2,0000;1,0000)|  6,000000000|  6,000000000|   0,000000000|
|(1,0000;1,5000)|  4,250000000|  4,250000000|   0,000000000|
|(1,5000;1,5000)|  5,500000000|  5,500000000|   0,000000000|
|(2,0000;1,5000)|  7,250000000|  7,250000000|   0,000000000|
|(1,0000;2,0000)|  6,000000000|  6,000000000|   0,000000000|
|(1,5000;2,0000)|  7,250000000|  7,250000000|   0,000000000|
|(2,0000;2,0000)|  9,000000000|  9,000000000|   0,000000000|

residual=2,128860014089687E-32

u=r^2+z^2+t^4
Tolko 4:
time:1
iteration:1
error:0
____________________________________________________________
|__________(r,z)|____________Q|________RealF|_______Q-RealF|
|(1,0000;1,0000)|  3,000000000|  3,000000000|   0,000000000|
|(1,5000;1,0000)|  4,250000000|  4,250000000|   0,000000000|
|(2,0000;1,0000)|  6,000000000|  6,000000000|   0,000000000|
|(1,0000;1,5000)|  4,250000000|  4,250000000|   0,000000000|
|(1,5000;1,5000)|  5,513290803|  5,500000000|   0,013290803|
|(2,0000;1,5000)|  7,250000000|  7,250000000|   0,000000000|
|(1,0000;2,0000)|  6,000000000|  6,000000000|   0,000000000|
|(1,5000;2,0000)|  7,250000000|  7,250000000|   0,000000000|
|(2,0000;2,0000)|  9,000000000|  9,000000000|   0,000000000|

residual=5,296714786343385E-07

u=r^2+z^2+t^5
Tolko 4:
time:1
iteration:2
error:-5,684341886080803E-14
____________________________________________________________
|__________(r,z)|____________Q|________RealF|_______Q-RealF|
|(1,0000;1,0000)|  3,000000000|  3,000000000|   0,000000000|
|(1,5000;1,0000)|  4,250000000|  4,250000000|   0,000000000|
|(2,0000;1,0000)|  6,000000000|  6,000000000|   0,000000000|
|(1,0000;1,5000)|  4,250000000|  4,250000000|   0,000000000|
|(1,5000;1,5000)|  5,539872408|  5,500000000|   0,039872408|
|(2,0000;1,5000)|  7,250000000|  7,250000000|   0,000000000|
|(1,0000;2,0000)|  6,000000000|  6,000000000|   0,000000000|
|(1,5000;2,0000)|  7,250000000|  7,250000000|   0,000000000|
|(2,0000;2,0000)|  9,000000000|  9,000000000|   0,000000000|

residual=4,767043307707772E-06

u=r^2+z^2+sin(t)
Tolko 4:
time:1
iteration:2
error:5,684341886080802E-14
____________________________________________________________
|__________(r,z)|____________Q|________RealF|_______Q-RealF|
|(1,0000;1,0000)|  2,841470985|  2,841470985|   0,000000000|
|(1,5000;1,0000)|  4,091470985|  4,091470985|   0,000000000|
|(2,0000;1,0000)|  5,841470985|  5,841470985|   0,000000000|
|(1,0000;1,5000)|  4,091470985|  4,091470985|   0,000000000|
|(1,5000;1,5000)|  5,341779835|  5,341470985|   0,000308851|
|(2,0000;1,5000)|  7,091470985|  7,091470985|   0,000000000|
|(1,0000;2,0000)|  5,841470985|  5,841470985|   0,000000000|
|(1,5000;2,0000)|  7,091470985|  7,091470985|   0,000000000|
|(2,0000;2,0000)|  8,841470985|  8,841470985|   0,000000000|

residual=3,008341140490724E-10

u=r^2+z^2+e^t
Tolko 4:
time:1
iteration:2
error:5,684341886080797E-14
____________________________________________________________
|__________(r,z)|____________Q|________RealF|_______Q-RealF|
|(1,0000;1,0000)|  4,718281828|  4,718281828|   0,000000000|
|(1,5000;1,0000)|  5,968281828|  5,968281828|   0,000000000|
|(2,0000;1,0000)|  7,718281828|  7,718281828|   0,000000000|
|(1,0000;1,5000)|  5,968281828|  5,968281828|   0,000000000|
|(1,5000;1,5000)|  7,219303493|  7,218281828|   0,001021664|
|(2,0000;1,5000)|  8,968281828|  8,968281828|   0,000000000|
|(1,0000;2,0000)|  7,718281828|  7,718281828|   0,000000000|
|(1,5000;2,0000)|  8,968281828|  8,968281828|   0,000000000|
|(2,0000;2,0000)|  10,718281828|  10,718281828|   0,000000000|

residual=1,931199854862565E-09

u=r^3+z^3
Tolko 4:
time:1
iteration:2
error:-1,1368683772161603E-13
____________________________________________________________
|__________(r,z)|____________Q|________RealF|_______Q-RealF|
|(1,0000;1,0000)|  2,000000000|  2,000000000|   0,000000000|
|(1,5000;1,0000)|  4,375000000|  4,375000000|   0,000000000|
|(2,0000;1,0000)|  9,000000000|  9,000000000|   0,000000000|
|(1,0000;1,5000)|  4,375000000|  4,375000000|   0,000000000|
|(1,5000;1,5000)|  6,742025518|  6,750000000|  -0,007974482|
|(2,0000;1,5000)|  11,375000000|  11,375000000|   0,000000000|
|(1,0000;2,0000)|  9,000000000|  9,000000000|   0,000000000|
|(1,5000;2,0000)|  11,375000000|  11,375000000|   0,000000000|
|(2,0000;2,0000)|  16,000000000|  16,000000000|   0,000000000|

residual=8,316803364363578E-08

u=r^3+z^3+t
Tolko 4:
time:1
iteration:1
error:0
____________________________________________________________
|__________(r,z)|____________Q|________RealF|_______Q-RealF|
|(1,0000;1,0000)|  3,000000000|  3,000000000|   0,000000000|
|(1,5000;1,0000)|  5,375000000|  5,375000000|   0,000000000|
|(2,0000;1,0000)|  10,000000000|  10,000000000|   0,000000000|
|(1,0000;1,5000)|  5,375000000|  5,375000000|   0,000000000|
|(1,5000;1,5000)|  7,742025518|  7,750000000|  -0,007974482|
|(2,0000;1,5000)|  12,375000000|  12,375000000|   0,000000000|
|(1,0000;2,0000)|  10,000000000|  10,000000000|   0,000000000|
|(1,5000;2,0000)|  12,375000000|  12,375000000|   0,000000000|
|(2,0000;2,0000)|  17,000000000|  17,000000000|   0,000000000|

residual=6,896283879603454E-08

u=r^3+z^3+t^2
Tolko 4:
time:1
iteration:1
error:0
____________________________________________________________
|__________(r,z)|____________Q|________RealF|_______Q-RealF|
|(1,0000;1,0000)|  3,000000000|  3,000000000|   0,000000000|
|(1,5000;1,0000)|  5,375000000|  5,375000000|   0,000000000|
|(2,0000;1,0000)|  10,000000000|  10,000000000|   0,000000000|
|(1,0000;1,5000)|  5,375000000|  5,375000000|   0,000000000|
|(1,5000;1,5000)|  7,742025518|  7,750000000|  -0,007974482|
|(2,0000;1,5000)|  12,375000000|  12,375000000|   0,000000000|
|(1,0000;2,0000)|  10,000000000|  10,000000000|   0,000000000|
|(1,5000;2,0000)|  12,375000000|  12,375000000|   0,000000000|
|(2,0000;2,0000)|  17,000000000|  17,000000000|   0,000000000|

residual=6,896283879603454E-08

u=r^3+z^3+t^3
Tolko 4:
time:1
iteration:1
error:0
____________________________________________________________
|__________(r,z)|____________Q|________RealF|_______Q-RealF|
|(1,0000;1,0000)|  3,000000000|  3,000000000|   0,000000000|
|(1,5000;1,0000)|  5,375000000|  5,375000000|   0,000000000|
|(2,0000;1,0000)|  10,000000000|  10,000000000|   0,000000000|
|(1,0000;1,5000)|  5,375000000|  5,375000000|   0,000000000|
|(1,5000;1,5000)|  7,742025518|  7,750000000|  -0,007974482|
|(2,0000;1,5000)|  12,375000000|  12,375000000|   0,000000000|
|(1,0000;2,0000)|  10,000000000|  10,000000000|   0,000000000|
|(1,5000;2,0000)|  12,375000000|  12,375000000|   0,000000000|
|(2,0000;2,0000)|  17,000000000|  17,000000000|   0,000000000|

residual=6,896283879603454E-08

u=r^3+z^3+t^4
Tolko 4:
time:1
iteration:1
error:0
____________________________________________________________
|__________(r,z)|____________Q|________RealF|_______Q-RealF|
|(1,0000;1,0000)|  3,000000000|  3,000000000|   0,000000000|
|(1,5000;1,0000)|  5,375000000|  5,375000000|   0,000000000|
|(2,0000;1,0000)|  10,000000000|  10,000000000|   0,000000000|
|(1,0000;1,5000)|  5,375000000|  5,375000000|   0,000000000|
|(1,5000;1,5000)|  7,755316321|  7,750000000|   0,005316321|
|(2,0000;1,5000)|  12,375000000|  12,375000000|   0,000000000|
|(1,0000;2,0000)|  10,000000000|  10,000000000|   0,000000000|
|(1,5000;2,0000)|  12,375000000|  12,375000000|   0,000000000|
|(2,0000;2,0000)|  17,000000000|  17,000000000|   0,000000000|

residual=3,0650150576049486E-08

u=r^3+z^3+t^5
Tolko 4:
time:1
iteration:1
error:0
____________________________________________________________
|__________(r,z)|____________Q|________RealF|_______Q-RealF|
|(1,0000;1,0000)|  3,000000000|  3,000000000|   0,000000000|
|(1,5000;1,0000)|  5,375000000|  5,375000000|   0,000000000|
|(2,0000;1,0000)|  10,000000000|  10,000000000|   0,000000000|
|(1,0000;1,5000)|  5,375000000|  5,375000000|   0,000000000|
|(1,5000;1,5000)|  7,781897927|  7,750000000|   0,031897927|
|(2,0000;1,5000)|  12,375000000|  12,375000000|   0,000000000|
|(1,0000;2,0000)|  10,000000000|  10,000000000|   0,000000000|
|(1,5000;2,0000)|  12,375000000|  12,375000000|   0,000000000|
|(2,0000;2,0000)|  17,000000000|  17,000000000|   0,000000000|

residual=1,1034054207371057E-06

u=r^3+z^3+sin(t)
Tolko 4:
time:1
iteration:1
error:0
____________________________________________________________
|__________(r,z)|____________Q|________RealF|_______Q-RealF|
|(1,0000;1,0000)|  2,841470985|  2,841470985|   0,000000000|
|(1,5000;1,0000)|  5,216470985|  5,216470985|   0,000000000|
|(2,0000;1,0000)|  9,841470985|  9,841470985|   0,000000000|
|(1,0000;1,5000)|  5,216470985|  5,216470985|   0,000000000|
|(1,5000;1,5000)|  7,583805354|  7,591470985|  -0,007665631|
|(2,0000;1,5000)|  12,216470985|  12,216470985|   0,000000000|
|(1,0000;2,0000)|  9,841470985|  9,841470985|   0,000000000|
|(1,5000;2,0000)|  12,216470985|  12,216470985|   0,000000000|
|(2,0000;2,0000)|  16,841470985|  16,841470985|   0,000000000|

residual=6,558569098626512E-08

u=r^3+z^3+e^t
Tolko 4:
time:1
iteration:1
error:0
____________________________________________________________
|__________(r,z)|____________Q|________RealF|_______Q-RealF|
|(1,0000;1,0000)|  4,718281828|  4,718281828|   0,000000000|
|(1,5000;1,0000)|  7,093281828|  7,093281828|   0,000000000|
|(2,0000;1,0000)|  11,718281828|  11,718281828|   0,000000000|
|(1,0000;1,5000)|  7,093281828|  7,093281828|   0,000000000|
|(1,5000;1,5000)|  9,461329011|  9,468281828|  -0,006952817|
|(2,0000;1,5000)|  14,093281828|  14,093281828|   0,000000000|
|(1,0000;2,0000)|  11,718281828|  11,718281828|   0,000000000|
|(1,5000;2,0000)|  14,093281828|  14,093281828|   0,000000000|
|(2,0000;2,0000)|  18,718281828|  18,718281828|   0,000000000|

residual=3,914966506041172E-08

u=r^4+z^4
Tolko 4:
time:1
iteration:2
error:4,5474735088646407E-13
____________________________________________________________
|__________(r,z)|____________Q|________RealF|_______Q-RealF|
|(1,0000;1,0000)|  2,000000000|  2,000000000|   0,000000000|
|(1,5000;1,0000)|  6,062500000|  6,062500000|   0,000000000|
|(2,0000;1,0000)|  17,000000000|  17,000000000|   0,000000000|
|(1,0000;1,5000)|  6,062500000|  6,062500000|   0,000000000|
|(1,5000;1,5000)|  10,065191388|  10,125000000|  -0,059808612|
|(2,0000;1,5000)|  21,062500000|  21,062500000|   0,000000000|
|(1,0000;2,0000)|  17,000000000|  17,000000000|   0,000000000|
|(1,5000;2,0000)|  21,062500000|  21,062500000|   0,000000000|
|(2,0000;2,0000)|  32,000000000|  32,000000000|   0,000000000|

residual=1,3400873819574396E-06

u=r^4+z^4+t
Tolko 4:
time:1
iteration:1
error:0
____________________________________________________________
|__________(r,z)|____________Q|________RealF|_______Q-RealF|
|(1,0000;1,0000)|  3,000000000|  3,000000000|   0,000000000|
|(1,5000;1,0000)|  7,062500000|  7,062500000|   0,000000000|
|(2,0000;1,0000)|  18,000000000|  18,000000000|   0,000000000|
|(1,0000;1,5000)|  7,062500000|  7,062500000|   0,000000000|
|(1,5000;1,5000)|  11,065191388|  11,125000000|  -0,059808612|
|(2,0000;1,5000)|  22,062500000|  22,062500000|   0,000000000|
|(1,0000;2,0000)|  18,000000000|  18,000000000|   0,000000000|
|(1,5000;2,0000)|  22,062500000|  22,062500000|   0,000000000|
|(2,0000;2,0000)|  33,000000000|  33,000000000|   0,000000000|

residual=1,2154373563042507E-06

u=r^4+z^4+t^2
Tolko 4:
time:1
iteration:1
error:0
____________________________________________________________
|__________(r,z)|____________Q|________RealF|_______Q-RealF|
|(1,0000;1,0000)|  3,000000000|  3,000000000|   0,000000000|
|(1,5000;1,0000)|  7,062500000|  7,062500000|   0,000000000|
|(2,0000;1,0000)|  18,000000000|  18,000000000|   0,000000000|
|(1,0000;1,5000)|  7,062500000|  7,062500000|   0,000000000|
|(1,5000;1,5000)|  11,065191388|  11,125000000|  -0,059808612|
|(2,0000;1,5000)|  22,062500000|  22,062500000|   0,000000000|
|(1,0000;2,0000)|  18,000000000|  18,000000000|   0,000000000|
|(1,5000;2,0000)|  22,062500000|  22,062500000|   0,000000000|
|(2,0000;2,0000)|  33,000000000|  33,000000000|   0,000000000|

residual=1,2154373563042507E-06

u=r^4+z^4+t^3
Tolko 4:
time:1
iteration:1
error:0
____________________________________________________________
|__________(r,z)|____________Q|________RealF|_______Q-RealF|
|(1,0000;1,0000)|  3,000000000|  3,000000000|   0,000000000|
|(1,5000;1,0000)|  7,062500000|  7,062500000|   0,000000000|
|(2,0000;1,0000)|  18,000000000|  18,000000000|   0,000000000|
|(1,0000;1,5000)|  7,062500000|  7,062500000|   0,000000000|
|(1,5000;1,5000)|  11,065191388|  11,125000000|  -0,059808612|
|(2,0000;1,5000)|  22,062500000|  22,062500000|   0,000000000|
|(1,0000;2,0000)|  18,000000000|  18,000000000|   0,000000000|
|(1,5000;2,0000)|  22,062500000|  22,062500000|   0,000000000|
|(2,0000;2,0000)|  33,000000000|  33,000000000|   0,000000000|

residual=1,2154373563041785E-06

u=r^4+z^4+t^4
Tolko 4:
time:1
iteration:1
error:0
____________________________________________________________
|__________(r,z)|____________Q|________RealF|_______Q-RealF|
|(1,0000;1,0000)|  3,000000000|  3,000000000|   0,000000000|
|(1,5000;1,0000)|  7,062500000|  7,062500000|   0,000000000|
|(2,0000;1,0000)|  18,000000000|  18,000000000|   0,000000000|
|(1,0000;1,5000)|  7,062500000|  7,062500000|   0,000000000|
|(1,5000;1,5000)|  11,078482190|  11,125000000|  -0,046517810|
|(2,0000;1,5000)|  22,062500000|  22,062500000|   0,000000000|
|(1,0000;2,0000)|  18,000000000|  18,000000000|   0,000000000|
|(1,5000;2,0000)|  22,062500000|  22,062500000|   0,000000000|
|(2,0000;2,0000)|  33,000000000|  33,000000000|   0,000000000|

residual=7,352645735666878E-07

u=r^4+z^4+t^5
Tolko 4:
time:1
iteration:2
error:9,094947017729282E-13
____________________________________________________________
|__________(r,z)|____________Q|________RealF|_______Q-RealF|
|(1,0000;1,0000)|  3,000000000|  3,000000000|  -0,000000000|
|(1,5000;1,0000)|  7,062500000|  7,062500000|  -0,000000000|
|(2,0000;1,0000)|  18,000000000|  18,000000000|  -0,000000000|
|(1,0000;1,5000)|  7,062500000|  7,062500000|  -0,000000000|
|(1,5000;1,5000)|  11,105063796|  11,125000000|  -0,019936204|
|(2,0000;1,5000)|  22,062500000|  22,062500000|  -0,000000000|
|(1,0000;2,0000)|  18,000000000|  18,000000000|  -0,000000000|
|(1,5000;2,0000)|  22,062500000|  22,062500000|  -0,000000000|
|(2,0000;2,0000)|  33,000000000|  33,000000000|  -0,000000000|

residual=1,3504859514488466E-07

u=r^4+z^4+sin(t)
Tolko 4:
time:1
iteration:2
error:4,5474735088646407E-13
____________________________________________________________
|__________(r,z)|____________Q|________RealF|_______Q-RealF|
|(1,0000;1,0000)|  2,841470985|  2,841470985|   0,000000000|
|(1,5000;1,0000)|  6,903970985|  6,903970985|   0,000000000|
|(2,0000;1,0000)|  17,841470985|  17,841470985|   0,000000000|
|(1,0000;1,5000)|  6,903970985|  6,903970985|   0,000000000|
|(1,5000;1,5000)|  10,906971223|  10,966470985|  -0,059499762|
|(2,0000;1,5000)|  21,903970985|  21,903970985|   0,000000000|
|(1,0000;2,0000)|  17,841470985|  17,841470985|   0,000000000|
|(1,5000;2,0000)|  21,903970985|  21,903970985|   0,000000000|
|(2,0000;2,0000)|  32,841470985|  32,841470985|   0,000000000|

residual=1,2214259327940406E-06

u=r^4+z^4+e^t
Tolko 4:
time:1
iteration:1
error:0
____________________________________________________________
|__________(r,z)|____________Q|________RealF|_______Q-RealF|
|(1,0000;1,0000)|  4,718281828|  4,718281828|   0,000000000|
|(1,5000;1,0000)|  8,780781828|  8,780781828|   0,000000000|
|(2,0000;1,0000)|  19,718281828|  19,718281828|   0,000000000|
|(1,0000;1,5000)|  8,780781828|  8,780781828|   0,000000000|
|(1,5000;1,5000)|  12,784494880|  12,843281828|  -0,058786948|
|(2,0000;1,5000)|  23,780781828|  23,780781828|   0,000000000|
|(1,0000;2,0000)|  19,718281828|  19,718281828|   0,000000000|
|(1,5000;2,0000)|  23,780781828|  23,780781828|   0,000000000|
|(2,0000;2,0000)|  34,718281828|  34,718281828|   0,000000000|

residual=1,0001323685184884E-06

u=r^3+z^3
Tolko 4:
time:1
iteration:1
error:0
____________________________________________________________
|__________(r,z)|____________Q|________RealF|_______Q-RealF|
|(1,0000;1,0000)|  2,000000000|  2,000000000|   0,000000000|
|(1,5000;1,0000)|  8,593750000|  8,593750000|   0,000000000|
|(2,0000;1,0000)|  33,000000000|  33,000000000|   0,000000000|
|(1,0000;1,5000)|  8,593750000|  8,593750000|   0,000000000|
|(1,5000;1,5000)|  14,908393142|  15,187500000|  -0,279106858|
|(2,0000;1,5000)|  39,593750000|  39,593750000|   0,000000000|
|(1,0000;2,0000)|  33,000000000|  33,000000000|   0,000000000|
|(1,5000;2,0000)|  39,593750000|  39,593750000|   0,000000000|
|(2,0000;2,0000)|  64,000000000|  64,000000000|   0,000000000|

residual=7,955786585133351E-06

u=r^3+z^3+t
Tolko 4:
time:1
iteration:1
error:0
____________________________________________________________
|__________(r,z)|____________Q|________RealF|_______Q-RealF|
|(1,0000;1,0000)|  3,000000000|  3,000000000|   0,000000000|
|(1,5000;1,0000)|  9,593750000|  9,593750000|   0,000000000|
|(2,0000;1,0000)|  34,000000000|  34,000000000|   0,000000000|
|(1,0000;1,5000)|  9,593750000|  9,593750000|   0,000000000|
|(1,5000;1,5000)|  15,908393142|  16,187500000|  -0,279106858|
|(2,0000;1,5000)|  40,593750000|  40,593750000|   0,000000000|
|(1,0000;2,0000)|  34,000000000|  34,000000000|   0,000000000|
|(1,5000;2,0000)|  40,593750000|  40,593750000|   0,000000000|
|(2,0000;2,0000)|  65,000000000|  65,000000000|   0,000000000|

residual=7,5721227477359864E-06

u=r^3+z^3+t^2
Tolko 4:
time:1
iteration:1
error:0
____________________________________________________________
|__________(r,z)|____________Q|________RealF|_______Q-RealF|
|(1,0000;1,0000)|  3,000000000|  3,000000000|   0,000000000|
|(1,5000;1,0000)|  9,593750000|  9,593750000|   0,000000000|
|(2,0000;1,0000)|  34,000000000|  34,000000000|   0,000000000|
|(1,0000;1,5000)|  9,593750000|  9,593750000|   0,000000000|
|(1,5000;1,5000)|  15,908393142|  16,187500000|  -0,279106858|
|(2,0000;1,5000)|  40,593750000|  40,593750000|   0,000000000|
|(1,0000;2,0000)|  34,000000000|  34,000000000|   0,000000000|
|(1,5000;2,0000)|  40,593750000|  40,593750000|   0,000000000|
|(2,0000;2,0000)|  65,000000000|  65,000000000|   0,000000000|

residual=7,572122747735793E-06

u=r^3+z^3+t^3
Tolko 4:
time:1
iteration:1
error:0
____________________________________________________________
|__________(r,z)|____________Q|________RealF|_______Q-RealF|
|(1,0000;1,0000)|  3,000000000|  3,000000000|   0,000000000|
|(1,5000;1,0000)|  9,593750000|  9,593750000|   0,000000000|
|(2,0000;1,0000)|  34,000000000|  34,000000000|   0,000000000|
|(1,0000;1,5000)|  9,593750000|  9,593750000|   0,000000000|
|(1,5000;1,5000)|  15,908393142|  16,187500000|  -0,279106858|
|(2,0000;1,5000)|  40,593750000|  40,593750000|   0,000000000|
|(1,0000;2,0000)|  34,000000000|  34,000000000|   0,000000000|
|(1,5000;2,0000)|  40,593750000|  40,593750000|   0,000000000|
|(2,0000;2,0000)|  65,000000000|  65,000000000|   0,000000000|

residual=7,572122747735793E-06

u=r^3+z^3+t^4
Tolko 4:
time:1
iteration:1
error:0
____________________________________________________________
|__________(r,z)|____________Q|________RealF|_______Q-RealF|
|(1,0000;1,0000)|  3,000000000|  3,000000000|   0,000000000|
|(1,5000;1,0000)|  9,593750000|  9,593750000|   0,000000000|
|(2,0000;1,0000)|  34,000000000|  34,000000000|   0,000000000|
|(1,0000;1,5000)|  9,593750000|  9,593750000|   0,000000000|
|(1,5000;1,5000)|  15,921683945|  16,187500000|  -0,265816055|
|(2,0000;1,5000)|  40,593750000|  40,593750000|   0,000000000|
|(1,0000;2,0000)|  34,000000000|  34,000000000|   0,000000000|
|(1,5000;2,0000)|  40,593750000|  40,593750000|   0,000000000|
|(2,0000;2,0000)|  65,000000000|  65,000000000|   0,000000000|

residual=6,868138546699102E-06

u=r^3+z^3+t^5
Tolko 4:
time:1
iteration:1
error:0
____________________________________________________________
|__________(r,z)|____________Q|________RealF|_______Q-RealF|
|(1,0000;1,0000)|  3,000000000|  3,000000000|   0,000000000|
|(1,5000;1,0000)|  9,593750000|  9,593750000|   0,000000000|
|(2,0000;1,0000)|  34,000000000|  34,000000000|   0,000000000|
|(1,0000;1,5000)|  9,593750000|  9,593750000|   0,000000000|
|(1,5000;1,5000)|  15,948265550|  16,187500000|  -0,239234450|
|(2,0000;1,5000)|  40,593750000|  40,593750000|   0,000000000|
|(1,0000;2,0000)|  34,000000000|  34,000000000|   0,000000000|
|(1,5000;2,0000)|  40,593750000|  40,593750000|   0,000000000|
|(2,0000;2,0000)|  65,000000000|  65,000000000|   0,000000000|

residual=5,563192222826298E-06

u=r^3+z^3+sin(t)
Tolko 4:
time:1
iteration:1
error:0
____________________________________________________________
|__________(r,z)|____________Q|________RealF|_______Q-RealF|
|(1,0000;1,0000)|  2,841470985|  2,841470985|   0,000000000|
|(1,5000;1,0000)|  9,435220985|  9,435220985|   0,000000000|
|(2,0000;1,0000)|  33,841470985|  33,841470985|   0,000000000|
|(1,0000;1,5000)|  9,435220985|  9,435220985|   0,000000000|
|(1,5000;1,5000)|  15,750172977|  16,028970985|  -0,278798007|
|(2,0000;1,5000)|  40,435220985|  40,435220985|   0,000000000|
|(1,0000;2,0000)|  33,841470985|  33,841470985|   0,000000000|
|(1,5000;2,0000)|  40,435220985|  40,435220985|   0,000000000|
|(2,0000;2,0000)|  64,841470985|  64,841470985|   0,000000000|

residual=7,614475021265591E-06

u=r^3+z^3+e^t
Tolko 4:
time:1
iteration:1
error:0
____________________________________________________________
|__________(r,z)|____________Q|________RealF|_______Q-RealF|
|(1,0000;1,0000)|  4,718281828|  4,718281828|   0,000000000|
|(1,5000;1,0000)|  11,312031828|  11,312031828|   0,000000000|
|(2,0000;1,0000)|  35,718281828|  35,718281828|   0,000000000|
|(1,0000;1,5000)|  11,312031828|  11,312031828|   0,000000000|
|(1,5000;1,5000)|  17,627696635|  17,905781828|  -0,278085194|
|(2,0000;1,5000)|  42,312031828|  42,312031828|   0,000000000|
|(1,0000;2,0000)|  35,718281828|  35,718281828|   0,000000000|
|(1,5000;2,0000)|  42,312031828|  42,312031828|   0,000000000|
|(2,0000;2,0000)|  66,718281828|  66,718281828|   0,000000000|

residual=6,91549138671843E-06

u=sin(r)+sin(z)
Tolko 4:
time:1
iteration:1
error:0
____________________________________________________________
|__________(r,z)|____________Q|________RealF|_______Q-RealF|
|(1,0000;1,0000)|  1,682941970|  1,682941970|   0,000000000|
|(1,5000;1,0000)|  1,838965971|  1,838965971|   0,000000000|
|(2,0000;1,0000)|  1,750768412|  1,750768412|   0,000000000|
|(1,0000;1,5000)|  1,838965971|  1,838965971|   0,000000000|
|(1,5000;1,5000)|  1,994622039|  1,994989973|  -0,000367934|
|(2,0000;1,5000)|  1,906792413|  1,906792413|   0,000000000|
|(1,0000;2,0000)|  1,750768412|  1,750768412|   0,000000000|
|(1,5000;2,0000)|  1,906792413|  1,906792413|   0,000000000|
|(2,0000;2,0000)|  1,818594854|  1,818594854|   0,000000000|

residual=4,470018343979167E-09

u=sin(r)+sin(z)+t
Tolko 4:
time:1
iteration:2
error:-7,105427357601003E-15
____________________________________________________________
|__________(r,z)|____________Q|________RealF|_______Q-RealF|
|(1,0000;1,0000)|  2,682941970|  2,682941970|   0,000000000|
|(1,5000;1,0000)|  2,838965971|  2,838965971|   0,000000000|
|(2,0000;1,0000)|  2,750768412|  2,750768412|   0,000000000|
|(1,0000;1,5000)|  2,838965971|  2,838965971|   0,000000000|
|(1,5000;1,5000)|  2,994622039|  2,994989973|  -0,000367934|
|(2,0000;1,5000)|  2,906792413|  2,906792413|   0,000000000|
|(1,0000;2,0000)|  2,750768412|  2,750768412|   0,000000000|
|(1,5000;2,0000)|  2,906792413|  2,906792413|   0,000000000|
|(2,0000;2,0000)|  2,818594854|  2,818594854|   0,000000000|

residual=1,8733374768925306E-09

u=sin(r)+sin(z)+t^2
Tolko 4:
time:1
iteration:2
error:-7,105427357601003E-15
____________________________________________________________
|__________(r,z)|____________Q|________RealF|_______Q-RealF|
|(1,0000;1,0000)|  2,682941970|  2,682941970|   0,000000000|
|(1,5000;1,0000)|  2,838965971|  2,838965971|   0,000000000|
|(2,0000;1,0000)|  2,750768412|  2,750768412|   0,000000000|
|(1,0000;1,5000)|  2,838965971|  2,838965971|   0,000000000|
|(1,5000;1,5000)|  2,994622039|  2,994989973|  -0,000367934|
|(2,0000;1,5000)|  2,906792413|  2,906792413|   0,000000000|
|(1,0000;2,0000)|  2,750768412|  2,750768412|   0,000000000|
|(1,5000;2,0000)|  2,906792413|  2,906792413|   0,000000000|
|(2,0000;2,0000)|  2,818594854|  2,818594854|   0,000000000|

residual=1,8733374768834866E-09

u=sin(r)+sin(z)+t^3
Tolko 4:
time:1
iteration:2
error:-7,105427357601003E-15
____________________________________________________________
|__________(r,z)|____________Q|________RealF|_______Q-RealF|
|(1,0000;1,0000)|  2,682941970|  2,682941970|   0,000000000|
|(1,5000;1,0000)|  2,838965971|  2,838965971|   0,000000000|
|(2,0000;1,0000)|  2,750768412|  2,750768412|   0,000000000|
|(1,0000;1,5000)|  2,838965971|  2,838965971|   0,000000000|
|(1,5000;1,5000)|  2,994622039|  2,994989973|  -0,000367934|
|(2,0000;1,5000)|  2,906792413|  2,906792413|   0,000000000|
|(1,0000;2,0000)|  2,750768412|  2,750768412|   0,000000000|
|(1,5000;2,0000)|  2,906792413|  2,906792413|   0,000000000|
|(2,0000;2,0000)|  2,818594854|  2,818594854|   0,000000000|

residual=1,8733374768880084E-09

u=sin(r)+sin(z)+t^4
Tolko 4:
time:1
iteration:2
error:-7,105427357601003E-15
____________________________________________________________
|__________(r,z)|____________Q|________RealF|_______Q-RealF|
|(1,0000;1,0000)|  2,682941970|  2,682941970|   0,000000000|
|(1,5000;1,0000)|  2,838965971|  2,838965971|   0,000000000|
|(2,0000;1,0000)|  2,750768412|  2,750768412|   0,000000000|
|(1,0000;1,5000)|  2,838965971|  2,838965971|   0,000000000|
|(1,5000;1,5000)|  3,007912842|  2,994989973|   0,012922868|
|(2,0000;1,5000)|  2,906792413|  2,906792413|   0,000000000|
|(1,0000;2,0000)|  2,750768412|  2,750768412|   0,000000000|
|(1,5000;2,0000)|  2,906792413|  2,906792413|   0,000000000|
|(2,0000;2,0000)|  2,818594854|  2,818594854|   0,000000000|

residual=2,3109650082703633E-06

u=sin(r)+sin(z)+t^5
Tolko 4:
time:1
iteration:1
error:0
____________________________________________________________
|__________(r,z)|____________Q|________RealF|_______Q-RealF|
|(1,0000;1,0000)|  2,682941970|  2,682941970|  -0,000000000|
|(1,5000;1,0000)|  2,838965971|  2,838965971|   0,000000000|
|(2,0000;1,0000)|  2,750768412|  2,750768412|  -0,000000000|
|(1,0000;1,5000)|  2,838965971|  2,838965971|   0,000000000|
|(1,5000;1,5000)|  3,034494447|  2,994989973|   0,039504474|
|(2,0000;1,5000)|  2,906792413|  2,906792413|   0,000000000|
|(1,0000;2,0000)|  2,750768412|  2,750768412|  -0,000000000|
|(1,5000;2,0000)|  2,906792413|  2,906792413|   0,000000000|
|(2,0000;2,0000)|  2,818594854|  2,818594854|  -0,000000000|

residual=2,1595739884594593E-05

u=sin(r)+sin(z)+sin(t)
Tolko 4:
time:1
iteration:2
error:-7,105427357601002E-15
____________________________________________________________
|__________(r,z)|____________Q|________RealF|_______Q-RealF|
|(1,0000;1,0000)|  2,524412954|  2,524412954|   0,000000000|
|(1,5000;1,0000)|  2,680436956|  2,680436956|   0,000000000|
|(2,0000;1,0000)|  2,592239396|  2,592239396|   0,000000000|
|(1,0000;1,5000)|  2,680436956|  2,680436956|   0,000000000|
|(1,5000;1,5000)|  2,836401874|  2,836460958|  -0,000059084|
|(2,0000;1,5000)|  2,748263398|  2,748263398|   0,000000000|
|(1,0000;2,0000)|  2,592239396|  2,592239396|   0,000000000|
|(1,5000;2,0000)|  2,748263398|  2,748263398|   0,000000000|
|(2,0000;2,0000)|  2,660065838|  2,660065838|   0,000000000|

residual=5,4198782254425E-11

u=sin(r)+sin(z)+e^t
Tolko 4:
time:1
iteration:1
error:0
____________________________________________________________
|__________(r,z)|____________Q|________RealF|_______Q-RealF|
|(1,0000;1,0000)|  4,401223798|  4,401223798|   0,000000000|
|(1,5000;1,0000)|  4,557247800|  4,557247800|   0,000000000|
|(2,0000;1,0000)|  4,469050240|  4,469050240|   0,000000000|
|(1,0000;1,5000)|  4,557247800|  4,557247800|   0,000000000|
|(1,5000;1,5000)|  4,713925532|  4,713271802|   0,000653730|
|(2,0000;1,5000)|  4,625074242|  4,625074242|   0,000000000|
|(1,0000;2,0000)|  4,469050240|  4,469050240|   0,000000000|
|(1,5000;2,0000)|  4,625074242|  4,625074242|   0,000000000|
|(2,0000;2,0000)|  4,536876682|  4,536876682|   0,000000000|

residual=2,2923093695929194E-09

u=exp(r)+exp(z)
Tolko 4:
time:1
iteration:1
error:0
____________________________________________________________
|__________(r,z)|____________Q|________RealF|_______Q-RealF|
|(1,0000;1,0000)|  5,436563657|  5,436563657|   0,000000000|
|(1,5000;1,0000)|  7,199970899|  7,199970899|   0,000000000|
|(2,0000;1,0000)|  10,107337927|  10,107337927|   0,000000000|
|(1,0000;1,5000)|  7,199970899|  7,199970899|   0,000000000|
|(1,5000;1,5000)|  8,954622670|  8,963378141|  -0,008755470|
|(2,0000;1,5000)|  11,870745169|  11,870745169|   0,000000000|
|(1,0000;2,0000)|  10,107337927|  10,107337927|   0,000000000|
|(1,5000;2,0000)|  11,870745169|  11,870745169|   0,000000000|
|(2,0000;2,0000)|  14,778112198|  14,778112198|   0,000000000|

residual=8,349519332968549E-08

u=exp(r)+exp(z)+t
Tolko 4:
time:1
iteration:2
error:-2,2737367544323206E-13
____________________________________________________________
|__________(r,z)|____________Q|________RealF|_______Q-RealF|
|(1,0000;1,0000)|  6,436563657|  6,436563657|   0,000000000|
|(1,5000;1,0000)|  8,199970899|  8,199970899|   0,000000000|
|(2,0000;1,0000)|  11,107337927|  11,107337927|   0,000000000|
|(1,0000;1,5000)|  8,199970899|  8,199970899|   0,000000000|
|(1,5000;1,5000)|  9,954622670|  9,963378141|  -0,008755470|
|(2,0000;1,5000)|  12,870745169|  12,870745169|   0,000000000|
|(1,0000;2,0000)|  11,107337927|  11,107337927|   0,000000000|
|(1,5000;2,0000)|  12,870745169|  12,870745169|   0,000000000|
|(2,0000;2,0000)|  15,778112198|  15,778112198|   0,000000000|

residual=6,955122616070396E-08

u=exp(r)+exp(z)+t^2
Tolko 4:
time:1
iteration:2
error:-2,2737367544323206E-13
____________________________________________________________
|__________(r,z)|____________Q|________RealF|_______Q-RealF|
|(1,0000;1,0000)|  6,436563657|  6,436563657|   0,000000000|
|(1,5000;1,0000)|  8,199970899|  8,199970899|   0,000000000|
|(2,0000;1,0000)|  11,107337927|  11,107337927|   0,000000000|
|(1,0000;1,5000)|  8,199970899|  8,199970899|   0,000000000|
|(1,5000;1,5000)|  9,954622670|  9,963378141|  -0,008755470|
|(2,0000;1,5000)|  12,870745169|  12,870745169|   0,000000000|
|(1,0000;2,0000)|  11,107337927|  11,107337927|   0,000000000|
|(1,5000;2,0000)|  12,870745169|  12,870745169|   0,000000000|
|(2,0000;2,0000)|  15,778112198|  15,778112198|   0,000000000|

residual=6,955122616070396E-08

u=exp(r)+exp(z)+t^3
Tolko 4:
time:1
iteration:2
error:-2,2737367544323206E-13
____________________________________________________________
|__________(r,z)|____________Q|________RealF|_______Q-RealF|
|(1,0000;1,0000)|  6,436563657|  6,436563657|   0,000000000|
|(1,5000;1,0000)|  8,199970899|  8,199970899|   0,000000000|
|(2,0000;1,0000)|  11,107337927|  11,107337927|   0,000000000|
|(1,0000;1,5000)|  8,199970899|  8,199970899|   0,000000000|
|(1,5000;1,5000)|  9,954622670|  9,963378141|  -0,008755470|
|(2,0000;1,5000)|  12,870745169|  12,870745169|   0,000000000|
|(1,0000;2,0000)|  11,107337927|  11,107337927|   0,000000000|
|(1,5000;2,0000)|  12,870745169|  12,870745169|   0,000000000|
|(2,0000;2,0000)|  15,778112198|  15,778112198|   0,000000000|

residual=6,955122616070396E-08

u=exp(r)+exp(z)+t^4
Tolko 4:
time:1
iteration:2
error:-2,2737367544323206E-13
____________________________________________________________
|__________(r,z)|____________Q|________RealF|_______Q-RealF|
|(1,0000;1,0000)|  6,436563657|  6,436563657|   0,000000000|
|(1,5000;1,0000)|  8,199970899|  8,199970899|   0,000000000|
|(2,0000;1,0000)|  11,107337927|  11,107337927|   0,000000000|
|(1,0000;1,5000)|  8,199970899|  8,199970899|   0,000000000|
|(1,5000;1,5000)|  9,967913473|  9,963378141|   0,004535332|
|(2,0000;1,5000)|  12,870745169|  12,870745169|   0,000000000|
|(1,0000;2,0000)|  11,107337927|  11,107337927|   0,000000000|
|(1,5000;2,0000)|  12,870745169|  12,870745169|   0,000000000|
|(2,0000;2,0000)|  15,778112198|  15,778112198|   0,000000000|

residual=1,866225204168438E-08

u=exp(r)+exp(z)+t^5
Tolko 4:
time:1
iteration:1
error:0
____________________________________________________________
|__________(r,z)|____________Q|________RealF|_______Q-RealF|
|(1,0000;1,0000)|  6,436563657|  6,436563657|   0,000000000|
|(1,5000;1,0000)|  8,199970899|  8,199970899|   0,000000000|
|(2,0000;1,0000)|  11,107337927|  11,107337927|   0,000000000|
|(1,0000;1,5000)|  8,199970899|  8,199970899|   0,000000000|
|(1,5000;1,5000)|  9,994495079|  9,963378141|   0,031116938|
|(2,0000;1,5000)|  12,870745169|  12,870745169|   0,000000000|
|(1,0000;2,0000)|  11,107337927|  11,107337927|   0,000000000|
|(1,5000;2,0000)|  12,870745169|  12,870745169|   0,000000000|
|(2,0000;2,0000)|  15,778112198|  15,778112198|   0,000000000|

residual=8,784954654892353E-07

u=exp(r)+exp(z)+sin(t)
Tolko 4:
time:1
iteration:1
error:0
____________________________________________________________
|__________(r,z)|____________Q|________RealF|_______Q-RealF|
|(1,0000;1,0000)|  6,278034642|  6,278034642|   0,000000000|
|(1,5000;1,0000)|  8,041441884|  8,041441884|   0,000000000|
|(2,0000;1,0000)|  10,948808912|  10,948808912|   0,000000000|
|(1,0000;1,5000)|  8,041441884|  8,041441884|   0,000000000|
|(1,5000;1,5000)|  9,796402506|  9,804849125|  -0,008446620|
|(2,0000;1,5000)|  12,712216154|  12,712216154|   0,000000000|
|(1,0000;2,0000)|  10,948808912|  10,948808912|   0,000000000|
|(1,5000;2,0000)|  12,712216154|  12,712216154|   0,000000000|
|(2,0000;2,0000)|  15,619583183|  15,619583183|   0,000000000|

residual=6,656573750799679E-08

u=exp(r)+exp(z)+e^t
Tolko 4:
time:1
iteration:2
error:-2,273736754432321E-13
____________________________________________________________
|__________(r,z)|____________Q|________RealF|_______Q-RealF|
|(1,0000;1,0000)|  8,154845485|  8,154845485|   0,000000000|
|(1,5000;1,0000)|  9,918252727|  9,918252727|   0,000000000|
|(2,0000;1,0000)|  12,825619756|  12,825619756|   0,000000000|
|(1,0000;1,5000)|  9,918252727|  9,918252727|   0,000000000|
|(1,5000;1,5000)|  11,673926163|  11,681659969|  -0,007733806|
|(2,0000;1,5000)|  14,589026998|  14,589026998|   0,000000000|
|(1,0000;2,0000)|  12,825619756|  12,825619756|   0,000000000|
|(1,5000;2,0000)|  14,589026998|  14,589026998|   0,000000000|
|(2,0000;2,0000)|  17,496394026|  17,496394026|   0,000000000|

residual=4,095286321074499E-08
